8.2400617347500504e-01 1.3511785535407475e+00 -4.9824304651624207e-01 5.1608587838607256e-01 -1.2611712009258583e-01 3.1189477084981553e-02 -6.2078588808164706e-02 -7.4214460499748447e-01 2.6309934093672427e-01 -1.0448307787655065e+00 1.6148056879552168e+00 -1.4004401540028133e+00 1.8066398994264741e-02 -1.1917248847294545e-02 -5.3249484348296943e-03 -3.9017813085522159e-03 1.0221138892855672e-02 -1.6203181376710464e-03 -4.1885649847224314e-05 -2.9933822974497083e-02 6.3938133017832122e-01 -1.1618468962165571e+00 
1.3511785535407475e+00 5.1165476665773388e+00 -1.1896651617952980e+00 2.2264596069459838e-02 -6.3275869179781799e-02 8.3137034789589434e-02 -4.1215640669658160e-01 -2.0155028655567868e+00 7.0277673806288010e-01 -3.1025198926053790e+00 5.4625969343898912e+00 -5.1988622072823798e+00 4.3130218751947537e-02 -4.2048652107521123e-02 -1.8136821762651065e-02 -4.9185539893287430e-03 5.5705451813787665e-02 -4.9552889862888774e-04 -1.3457327273550809e-04 -1.3269578255851333e-01 9.8439888133490472e-01 -5.1507954555078452e+00 
-4.9824304651624207e-01 -1.1896651617952980e+00 4.0626885134065853e+00 5.9359026770334625e-02 -8.1845554968591805e-02 -1.0391664850051033e-01 -1.8490293009136320e+00 3.3187404267943168e+00 -2.4128989659787163e+00 4.5589545437292660e+00 -1.0098715426948532e+00 2.1729195328176087e-01 -1.0357480375703709e-01 -5.8252578219944978e-02 7.1139223712849836e-02 4.8397307854923417e-03 8.3586822451246462e-02 6.0516829620744179e-02 1.1312037901006880e-04 -1.5206917526451832e-01 -1.8584923441466117e-01 -3.9322280030355583e+00 
5.1608587838607256e-01 2.2264596069459838e-02 5.9359026770334625e-02 5.4056902912071481e-01 -2.3039131572808244e-01 -5.8756428325329388e-03 -6.1579883713391195e-02 2.1036279905285793e-01 -2.6509201342424982e-01 1.8582062939070232e-01 -2.5602153813734818e-01 4.2216800016333256e-01 1.0799744122815731e-03 -2.3204924417102816e-02 6.0328392182799652e-03 -1.0813872468379377e-03 2.9497859198336245e-03 -3.3225395814908576e-02 -1.4753227869944338e-04 -1.2786300613287055e-01 6.3989502669140174e-03 1.8969892778999609e-01 
-1.2611712009258583e-01 -6.3275869179781799e-02 -8.1845554968591805e-02 -2.3039131572808244e-01 -1.4470695277400036e-01 -8.4254203159718696e-03 2.8028029821343531e-01 -1.8921453349877787e-01 2.0918556284575368e-01 -2.0585359524760416e-01 -4.6871038197897265e-02 -1.5401874857748310e-01 -3.2673752600995152e-03 1.8472175725215617e-02 -8.8418279254177667e-03 7.9291282413247472e-04 -8.3969685092536838e-03 1.0587648859656150e-02 1.1968217582302386e-04 1.2119289633943925e-01 -7.4142623899018829e-03 9.7039145684119105e-03 
3.1189477084981553e-02 8.3137034789589434e-02 -1.0391664850051033e-01 -5.8756428325329388e-03 -8.4254203159718696e-03 -1.7888968432937485e-01 -4.5773411186895929e-01 -2.4857295340454244e-01 1.7573969546570456e-01 -3.3971841513349416e-01 6.0839502798750256e-01 -2.7679729940719733e-01 2.8740277507084966e-02 -7.9680765192546095e-05 8.6489839087249649e-04 -7.2961944135844505e-04 -1.5769176855520584e-02 2.3450717732906808e-02 -1.9873724490806043e-05 -2.1236764492690852e-02 1.3854170837840654e-01 4.2765192453413070e-01 
-6.2078588808164706e-02 -4.1215640669658160e-01 -1.8490293009136320e+00 -6.1579883713391195e-02 2.8028029821343531e-01 -4.5773411186895929e-01 1.5284325715164922e+01 -6.3459578928960536e-01 1.3801632231090402e+00 -1.1535226915471473e+00 -1.3543446227072149e+01 9.0555578713493681e+00 -1.1935728846140603e-01 3.3694514348678616e-02 -3.1672657367718113e-02 -6.7042768456042554e-03 -5.2180412060470697e-03 -2.1674027962233178e-01 -1.2312372143436756e-04 5.8968825408867365e-01 4.0873602011758114e-01 4.7511522637778980e-01 
-7.4214460499748447e-01 -2.0155028655567868e+00 3.3187404267943168e+00 2.1036279905285793e-01 -1.8921453349877787e-01 -2.4857295340454244e-01 -6.3459578928960536e-01 1.1861318547190974e+01 -7.4052513435032630e+00 1.4554698798323042e+01 -3.4596154378997026e+00 2.6972571375943550e+00 -3.1400712298231270e-02 -3.4702661223586881e-02 5.3426030144364776e-02 3.7675476530940923e-02 1.4191080747918594e-01 2.2681625204363406e-01 -3.8952205187369329e-05 -3.1954853821188789e-01 -2.5842800391665892e+00 -3.5321220505671862e+00 
2.6309934093672427e-01 7.0277673806288010e-01 -2.4128989659787163e+00 -2.6509201342424982e-01 2.0918556284575368e-01 1.7573969546570456e-01 1.3801632231090402e+00 -7.4052513435032630e+00 8.2202907057460273e+00 -1.1526640425089465e+01 -4.7078134345656705e-02 -1.7763641956034937e+00 8.2400402430649000e-02 4.2416896748065883e-02 -2.1447809408330094e-02 1.3033711245240994e-02 -1.3694160632278840e-01 -1.0215501467281021e-01 1.1962323834376321e-04 3.3240595601657030e-01 -1.6078935650737542e+00 2.3255713310094999e+00 
-1.0448307787655065e+00 -3.1025198926053790e+00 4.5589545437292660e+00 1.8582062939070232e-01 -2.0585359524760416e-01 -3.3971841513349416e-01 -1.1535226915471473e+00 1.4554698798323042e+01 -1.1526640425089465e+01 1.8853630219877395e+01 -3.8257768566943549e+00 3.7942303146426810e+00 -1.1121730065277607e-01 -3.2210458226752822e-02 5.6437528566316272e-02 2.4069790833076622e-02 1.9547290209517532e-01 2.5341794932280404e-01 2.2884477186770644e-04 -3.6572146470579425e-01 -1.5668747119101603e+00 -3.7825849564469411e+00 
1.6148056879552168e+00 5.4625969343898912e+00 -1.0098715426948532e+00 -2.5602153813734818e-01 -4.6871038197897265e-02 6.0839502798750256e-01 -1.3543446227072149e+01 -3.4596154378997026e+00 -4.7078134345656705e-02 -3.8257768566943549e+00 2.0571809847577505e+01 -1.1239751754491028e+01 2.6672846394132405e-01 4.0148193193060580e-02 -6.6475133179206281e-02 -2.2467190992638955e-02 -1.3216588868755317e-02 3.3856436594085298e-01 -3.6738979020843192e-04 -2.2480552009329977e-01 3.0930349112294637e+00 -2.2608320482662401e+00 
-1.4004401540028133e+00 -5.1988622072823798e+00 2.1729195328176087e-01 4.2216800016333256e-01 -1.5401874857748310e-01 -2.7679729940719733e-01 9.0555578713493681e+00 2.6972571375943550e+00 -1.7763641956034937e+00 3.7942303146426810e+00 -1.1239751754491028e+01 1.4282246446611889e+01 -1.3815672717215507e-02 -2.6980638621909884e-04 8.0485028145601129e-03 -2.1110999847871605e-02 -6.5399716765635052e-02 -1.4605324242714812e-01 7.5971139382015920e-05 -1.3281410864897980e-01 1.0805412349187091e+00 8.6850801698635802e+00 
1.8066398994264741e-02 4.3130218751947537e-02 -1.0357480375703709e-01 1.0799744122815731e-03 -3.2673752600995152e-03 2.8740277507084966e-02 -1.1935728846140603e-01 -3.1400712298231270e-02 8.2400402430649000e-02 -1.1121730065277607e-01 2.6672846394132405e-01 -1.3815672717215507e-02 -3.4607712544233016e-01 9.7921508311895750e-03 4.4590436316413132e-03 8.3991515636188362e-04 -1.5556339122175061e-02 3.0819822159806463e-02 1.4324442013755034e-08 -6.7020832728850871e-03 5.1048469566326443e-02 3.1956831266072538e-01 
-1.1917248847294545e-02 -4.2048652107521123e-02 -5.8252578219944978e-02 -2.3204924417102816e-02 1.8472175725215617e-02 -7.9680765192546095e-05 3.3694514348678616e-02 -3.4702661223586881e-02 4.2416896748065883e-02 -3.2210458226752822e-02 4.0148193193060580e-02 -2.6980638621909884e-04 9.7921508311895750e-03 -4.2265518993884910e-01 -7.3090173387538440e-02 5.4517806676157680e-03 -3.1254347684361032e-03 1.1794618777794634e-02 3.2065102145365434e-05 2.9088865485081848e-02 -5.1412418014443095e-01 1.2100495525348655e-01 
-5.3249484348296943e-03 -1.8136821762651065e-02 7.1139223712849836e-02 6.0328392182799652e-03 -8.8418279254177667e-03 8.6489839087249649e-04 -3.1672657367718113e-02 5.3426030144364776e-02 -2.1447809408330094e-02 5.6437528566316272e-02 -6.6475133179206281e-02 8.0485028145601129e-03 4.4590436316413132e-03 -7.3090173387538440e-02 -4.2732977884433998e-01 -4.6266583441382254e-03 1.1995219297884748e-03 -5.6491432596972686e-03 -1.5786458828226282e-05 -1.6093329366800635e-02 4.1755539714238221e-01 -8.7494234587325942e-02 
-3.9017813085522159e-03 -4.9185539893287430e-03 4.8397307854923417e-03 -1.0813872468379377e-03 7.9291282413247472e-04 -7.2961944135844505e-04 -6.7042768456042554e-03 3.7675476530940923e-02 1.3033711245240994e-02 2.4069790833076622e-02 -2.2467190992638955e-02 -2.1110999847871605e-02 8.3991515636188362e-04 5.4517806676157680e-03 -4.6266583441382254e-03 -9.9301685072392876e-01 6.9315982894707054e-06 3.2122245362481644e-03 2.1196571687613982e-06 4.1437552491544632e-04 -2.7394135530577191e-01 -2.3364327853804719e-02 
1.0221138892855672e-02 5.5705451813787665e-02 8.3586822451246462e-02 2.9497859198336245e-03 -8.3969685092536838e-03 -1.5769176855520584e-02 -5.2180412060470697e-03 1.4191080747918594e-01 -1.3694160632278840e-01 1.9547290209517532e-01 -1.3216588868755317e-02 -6.5399716765635052e-02 -1.5556339122175061e-02 -3.1254347684361032e-03 1.1995219297884748e-03 6.9315982894707054e-06 -9.7192533685618454e-01 1.9626695701417072e-04 6.1895238314066931e-06 -1.7107256234009716e-02 9.9816388458654065e-03 -3.6834812097801906e-01 
-1.6203181376710464e-03 -4.9552889862888774e-04 6.0516829620744179e-02 -3.3225395814908576e-02 1.0587648859656150e-02 2.3450717732906808e-02 -2.1674027962233178e-01 2.2681625204363406e-01 -1.0215501467281021e-01 2.5341794932280404e-01 3.3856436594085298e-01 -1.4605324242714812e-01 3.0819822159806463e-02 1.1794618777794634e-02 -5.6491432596972686e-03 3.2122245362481644e-03 1.9626695701417072e-04 -9.2366561884916087e-01 6.3243848225774874e-05 7.4342671445721317e-03 -2.0169217594586730e-01 -8.2961107157921918e-04 
-4.1885649847224314e-05 -1.3457327273550809e-04 1.1312037901006880e-04 -1.4753227869944338e-04 1.1968217582302386e-04 -1.9873724490806043e-05 -1.2312372143436756e-04 -3.8952205187369329e-05 1.1962323834376321e-04 2.2884477186770644e-04 -3.6738979020843192e-04 7.5971139382015920e-05 1.4324442013755034e-08 3.2065102145365434e-05 -1.5786458828226282e-05 2.1196571687613982e-06 6.1895238314066931e-06 6.3243848225774874e-05 9.9943758472313855e-04 1.9388985942468646e-04 -5.8770978819189013e-05 -2.9782767559012190e-04 
-2.9933822974497083e-02 -1.3269578255851333e-01 -1.5206917526451832e-01 -1.2786300613287055e-01 1.2119289633943925e-01 -2.1236764492690852e-02 5.8968825408867365e-01 -3.1954853821188789e-01 3.3240595601657030e-01 -3.6572146470579425e-01 -2.2480552009329977e-01 -1.3281410864897980e-01 -6.7020832728850871e-03 2.9088865485081848e-02 -1.6093329366800635e-02 4.1437552491544632e-04 -1.7107256234009716e-02 7.4342671445721317e-03 1.9388985942468646e-04 2.0655815002765321e-01 2.1849250702358762e-02 1.1900439485814870e-01 
6.3938133017832122e-01 9.8439888133490472e-01 -1.8584923441466117e-01 6.3989502669140174e-03 -7.4142623899018829e-03 1.3854170837840654e-01 4.0873602011758114e-01 -2.5842800391665892e+00 -1.6078935650737542e+00 -1.5668747119101603e+00 3.0930349112294637e+00 1.0805412349187091e+00 5.1048469566326443e-02 -5.1412418014443095e-01 4.1755539714238221e-01 -2.7394135530577191e-01 9.9816388458654065e-03 -2.0169217594586730e-01 -5.8770978819189013e-05 2.1849250702358762e-02 2.2532686214849647e+01 1.2080598950829899e+00 
-1.1618468962165571e+00 -5.1507954555078452e+00 -3.9322280030355583e+00 1.8969892778999609e-01 9.7039145684119105e-03 4.2765192453413070e-01 4.7511522637778980e-01 -3.5321220505671862e+00 2.3255713310094999e+00 -3.7825849564469411e+00 -2.2608320482662401e+00 8.6850801698635802e+00 3.1956831266072538e-01 1.2100495525348655e-01 -8.7494234587325942e-02 -2.3364327853804719e-02 -3.6834812097801906e-01 -8.2961107157921918e-04 -2.9782767559012190e-04 1.1900439485814870e-01 1.2080598950829899e+00 -1.3537780895716303e+00 
