-0.000000000000000000e+00 -0.000000000000000000e+00 -1.376317243483962107e-03 -6.975489828669869730e-05
-0.000000000000000000e+00 -0.000000000000000000e+00 -1.376317243483962107e-03 -6.975489828669869730e-05
-0.000000000000000000e+00 -0.000000000000000000e+00 -1.376317243483962107e-03 -6.975489828669869730e-05
-0.000000000000000000e+00 -0.000000000000000000e+00 -1.376317243483962107e-03 -6.975489828669869730e-05
-0.000000000000000000e+00 -0.000000000000000000e+00 -1.376317243483962107e-03 -6.975489828669869730e-05
-0.000000000000000000e+00 -0.000000000000000000e+00 -1.376317243483962107e-03 -6.975489828669869730e-05
-0.000000000000000000e+00 -0.000000000000000000e+00 -1.376317243483962107e-03 -6.975489828669869730e-05
-0.000000000000000000e+00 -0.000000000000000000e+00 -1.376317243483962107e-03 -6.975489828669869730e-05
-0.000000000000000000e+00 -0.000000000000000000e+00 -1.376317243483962107e-03 -6.975489828669869730e-05
-0.000000000000000000e+00 -0.000000000000000000e+00 -1.376317243483962107e-03 -6.975489828669869730e-05
-0.000000000000000000e+00 -0.000000000000000000e+00 -1.376317243483962107e-03 -6.975489828669869730e-05
-0.000000000000000000e+00 -0.000000000000000000e+00 -1.376317243483962107e-03 -6.975489828669869730e-05
-0.000000000000000000e+00 -0.000000000000000000e+00 -1.376317243483962107e-03 -6.975489828669869730e-05
-0.000000000000000000e+00 -0.000000000000000000e+00 -1.376317243483962107e-03 -6.975489828669869730e-05
-0.000000000000000000e+00 -0.000000000000000000e+00 -1.376317243483962107e-03 -6.975489828669869730e-05
-0.000000000000000000e+00 -0.000000000000000000e+00 -1.376317243483962107e-03 -6.975489828669869730e-05
-0.000000000000000000e+00 -0.000000000000000000e+00 -1.376317243483962107e-03 -6.975489828669869730e-05
-0.000000000000000000e+00 -0.000000000000000000e+00 -1.376317243483962107e-03 -6.975489828669869730e-05
-0.000000000000000000e+00 -0.000000000000000000e+00 -1.376317243483962107e-03 -6.975489828669869730e-05
-0.000000000000000000e+00 -0.000000000000000000e+00 -1.376317243483962107e-03 -6.975489828669869730e-05
-0.000000000000000000e+00 -0.000000000000000000e+00 -1.376317243483962107e-03 -6.975489828669869730e-05
