0.0000000000000000e+00 0.0000000000000000e+00 -7.5574452000780877e-04 -1.5127420078523265e-03 
1.0000000000000001e-01 0.0000000000000000e+00 -2.4421146192088773e-03 -4.3282780073292614e-04 
2.0000000000000001e-01 0.0000000000000000e+00 -3.4160187011034442e-03 -6.6963951287209048e-04 
3.0000000000000004e-01 0.0000000000000000e+00 5.3298383493813606e-03 -6.0323381740058461e-04 
4.0000000000000002e-01 0.0000000000000000e+00 4.4594519715044113e-03 -3.7455931405488557e-03 
5.0000000000000000e-01 0.0000000000000000e+00 1.8880890027126195e-03 -2.9701444046958342e-03 
5.9999999999999998e-01 0.0000000000000000e+00 2.1780248574316927e-03 -3.0473555832444773e-03 
6.9999999999999996e-01 0.0000000000000000e+00 1.8229567653180526e-03 -2.3749857732188982e-03 
7.9999999999999993e-01 0.0000000000000000e+00 -2.7086809063325040e-03 -1.4870552169078514e-03 
8.9999999999999991e-01 0.0000000000000000e+00 -7.6442561510757230e-04 6.6186654284649475e-04 
9.9999999999999989e-01 0.0000000000000000e+00 3.9272385682923971e-04 2.7583497040836323e-03 
1.0999999999999999e+00 0.0000000000000000e+00 6.5249502979897395e-05 2.2266877720424566e-03 
1.2000000000000000e+00 0.0000000000000000e+00 5.4527235219243176e-04 1.3266659577340584e-03 
1.3000000000000000e+00 0.0000000000000000e+00 1.6141915234810168e-02 1.2488348426984465e-01 
1.4000000000000001e+00 0.0000000000000000e+00 -2.4516493721574877e-02 6.0307485483949402e-02 
1.5000000000000002e+00 0.0000000000000000e+00 -2.2580052123079605e-02 2.2213462830149361e-01 
1.6000000000000003e+00 0.0000000000000000e+00 -7.3818481193024560e-02 2.5708987319788895e-01 
1.7000000000000004e+00 0.0000000000000000e+00 -6.3059709735212882e-02 1.3472237291551251e-01 
1.8000000000000005e+00 0.0000000000000000e+00 2.2426634039594454e-02 9.5895969897868041e-02 
1.9000000000000006e+00 0.0000000000000000e+00 2.3697856200870634e-01 6.4159103270598178e-02 
2.0000000000000004e+00 0.0000000000000000e+00 -6.4397202798656072e-02 1.1638685427216630e-01 
2.1000000000000005e+00 0.0000000000000000e+00 -3.5388016363236234e-02 1.2855424606615318e-01 
2.2000000000000006e+00 0.0000000000000000e+00 7.0978057129852529e-03 4.5521512833458892e-02 
2.3000000000000007e+00 0.0000000000000000e+00 1.9022120404189538e-01 5.5044681076692428e-02 
2.4000000000000008e+00 0.0000000000000000e+00 -8.3810390769453128e-03 4.7190460941165899e-02 
2.5000000000000009e+00 0.0000000000000000e+00 -6.7247085325254530e-02 4.2571038500333593e-02 
2.6000000000000010e+00 0.0000000000000000e+00 -2.5189567650507890e-02 3.7228267676867988e-02 
2.7000000000000011e+00 0.0000000000000000e+00 2.2738142172657422e-02 2.2110302539912970e-02 
2.8000000000000012e+00 0.0000000000000000e+00 2.0061032755590066e-02 6.4164263654148219e-03 
2.9000000000000012e+00 0.0000000000000000e+00 -9.1541879775075274e-03 3.3322290109272699e-03 
3.0000000000000013e+00 0.0000000000000000e+00 -2.6185698908576825e-02 5.7414635597675704e-03 
3.1000000000000014e+00 0.0000000000000000e+00 -1.5957903423323434e-02 7.3571613328866810e-03 
3.2000000000000015e+00 0.0000000000000000e+00 -5.0012256641281626e-04 5.9402197835330553e-03 
3.3000000000000016e+00 0.0000000000000000e+00 3.0342689046634935e-03 5.0146824160907056e-03 
3.4000000000000017e+00 0.0000000000000000e+00 -3.2461143026909682e-03 2.8203006600525547e-03 
3.5000000000000018e+00 0.0000000000000000e+00 -4.8977739506791459e-03 3.1065603872449375e-03 
3.6000000000000019e+00 0.0000000000000000e+00 -4.8608047372144889e-03 2.5221463342860562e-03 
3.7000000000000020e+00 0.0000000000000000e+00 -3.7884385609451869e-03 3.8107477190088075e-03 
3.8000000000000020e+00 0.0000000000000000e+00 -1.3676416995784839e-03 2.8222913307272310e-03 
3.9000000000000021e+00 0.0000000000000000e+00 1.0869775281237429e-03 8.2508441860153193e-04 
4.0000000000000018e+00 0.0000000000000000e+00 3.7190413982116513e-03 1.2707321433344191e-03 
4.1000000000000014e+00 0.0000000000000000e+00 -4.3093740990396423e-04 1.0961193262643905e-03 
4.2000000000000011e+00 0.0000000000000000e+00 -2.4608800705159272e-03 -1.0177853829413390e-03 
4.3000000000000007e+00 0.0000000000000000e+00 -1.9425648788255478e-03 -7.5092807334425330e-04 
4.4000000000000004e+00 0.0000000000000000e+00 8.4214871665388871e-04 -5.6385087447419473e-06 
4.5000000000000000e+00 0.0000000000000000e+00 1.2338997485026005e-03 1.7062903521432337e-03 
4.5999999999999996e+00 0.0000000000000000e+00 -8.0351683079035903e-04 -3.5556082423326399e-04 
4.6999999999999993e+00 0.0000000000000000e+00 -2.9768347441841885e-03 1.4776945446961826e-03 
4.7999999999999989e+00 0.0000000000000000e+00 -4.2860954569155056e-03 -1.9050625764654560e-04 
4.8999999999999986e+00 0.0000000000000000e+00 8.4970860920103295e-04 1.2377353060100949e-03 
4.9999999999999982e+00 0.0000000000000000e+00 4.2132336574033516e-03 2.6286863320774327e-04 
5.0999999999999979e+00 0.0000000000000000e+00 1.5269019353475353e-03 1.5557018613635062e-03 
5.1999999999999975e+00 0.0000000000000000e+00 -2.3583830146288909e-03 6.0488906639731034e-04 
5.2999999999999972e+00 0.0000000000000000e+00 -3.1811861884707957e-02 -1.5849495035066319e-01 
5.3999999999999968e+00 0.0000000000000000e+00 1.8086878800513309e-02 5.0077360862068633e-03 
5.4999999999999964e+00 0.0000000000000000e+00 -7.6292200605076865e-03 -1.5339653914674990e-02 
5.5999999999999961e+00 0.0000000000000000e+00 1.1184052155238908e-02 -2.8550862803345713e-02 
5.6999999999999957e+00 0.0000000000000000e+00 1.3018328988952874e-02 -5.0958957106972951e-02 
5.7999999999999954e+00 0.0000000000000000e+00 7.5775019938029058e-03 -5.9787685052193014e-02 
5.8999999999999950e+00 0.0000000000000000e+00 9.7547484670816305e-04 -6.0623254851807404e-02 
5.9999999999999947e+00 0.0000000000000000e+00 2.1847609421556669e-03 -5.6197097664013360e-02 
6.0999999999999943e+00 0.0000000000000000e+00 1.4176804222420245e-03 -4.3795319737144914e-02 
6.1999999999999940e+00 0.0000000000000000e+00 1.7507196318818075e-03 -4.0549943897609783e-02 
6.2999999999999936e+00 0.0000000000000000e+00 5.7203083041205798e-03 -3.3178710233986657e-02 
6.3999999999999932e+00 0.0000000000000000e+00 3.7324325710453229e-03 -3.0239424620321892e-02 
6.4999999999999929e+00 0.0000000000000000e+00 2.1631808622058430e-03 -2.6253151780607310e-02 
6.5999999999999925e+00 0.0000000000000000e+00 4.8243500621103965e-03 -2.6187619504893487e-02 
6.6999999999999922e+00 0.0000000000000000e+00 3.9225628890013978e-03 -2.7189349260181732e-02 
6.7999999999999918e+00 0.0000000000000000e+00 1.5394618312502154e-03 -1.9063442087398835e-02 
6.8999999999999915e+00 0.0000000000000000e+00 -4.9450757945101304e-05 -1.7591854675747805e-02 
6.9999999999999911e+00 0.0000000000000000e+00 2.0823098004147633e-04 -1.5311806090657470e-02 
7.0999999999999908e+00 0.0000000000000000e+00 6.7954563294858486e-04 -1.6663042937948375e-02 
7.1999999999999904e+00 0.0000000000000000e+00 4.6511508338086963e-03 -1.9547117695019652e-02 
7.2999999999999901e+00 0.0000000000000000e+00 3.2375588482724512e-03 -1.3390808466309776e-02 
7.3999999999999897e+00 0.0000000000000000e+00 7.3628926691181405e-04 -1.1310943498366786e-02 
7.4999999999999893e+00 0.0000000000000000e+00 -3.4906898453927930e-03 2.3387512020033117e-04 
7.5999999999999890e+00 0.0000000000000000e+00 -5.2402462112590992e-03 1.2899218880353018e-03 
7.6999999999999886e+00 0.0000000000000000e+00 1.4426025253060776e-03 -1.1679898533925029e-02 
7.7999999999999883e+00 0.0000000000000000e+00 6.8038959422580120e-03 -1.5941393211257253e-02 
7.8999999999999879e+00 0.0000000000000000e+00 5.0798530102112317e-03 -1.4940907600891952e-02 
7.9999999999999876e+00 0.0000000000000000e+00 -1.0278603301514925e-03 -4.6778444768520097e-03 
